0.5 0.152456067715
0.53125 0.196468930872
0.5625 0.181491456641
0.59375 0.195051203039
0.625 0.202237511031
0.65625 0.216416220794
0.6875 0.232458743349
0.71875 0.247761478426
0.75 0.252351869947
0.78125 0.27995498649
0.8125 0.291383714864
0.84375 0.304535291701
0.875 0.308474797636
0.90625 0.304670798232
0.9375 0.310093906515
0.96875 0.308502083339
1.0 0.290396679486
1.03125 0.27364798418
1.0625 0.26451460255
1.09375 0.246979151957
1.125 0.221248487284
1.15625 0.204089982178
1.1875 0.17992621062
1.21875 0.162352585097
